1 -1.99719 0.000691607
1.125 -1.99325 0.000619261
1.25 -1.9845 0.000999007
1.375 -1.97178 0.00148829
1.5 -1.95147 0.00190122
1.625 -1.91891 0.00258129
1.75 -1.87969 0.00310729
1.875 -1.81944 0.00415325
2 -1.72725 0.00568733
2.125 -1.61453 0.00707884
2.25 -1.46006 0.00770257
2.375 -1.26116 0.00854401
2.5 -1.11462 0.00751246
2.625 -1.00984 0.00670315
2.75 -0.928125 0.00581955
2.875 -0.869062 0.00621583
3 -0.806344 0.00556016
3.125 -0.757188 0.00541863
3.25 -0.720625 0.00501626
3.375 -0.679875 0.00484233
3.5 -0.638281 0.00514381
3.625 -0.619781 0.0047827
3.75 -0.596063 0.0045765
3.875 -0.573406 0.00475343
