1 -1.99218 0.000860435
1.125 -1.99302 0.000177076
1.25 -1.98505 0.000267612
1.375 -1.97236 0.00035607
1.5 -1.95127 0.000480018
1.625 -1.92258 0.000585617
1.75 -1.87952 0.000786012
1.875 -1.82235 0.00107554
2 -1.73967 0.00153531
2.125 -1.62567 0.00198554
2.25 -1.44365 0.00262422
2.375 -1.22825 0.00195968
2.5 -1.10326 0.001695
2.625 -1.00681 0.00156353
2.75 -0.933557 0.00142813
2.875 -0.864951 0.00138811
3 -0.812502 0.00140813
3.125 -0.766078 0.00126366
3.25 -0.726447 0.00125874
3.375 -0.690756 0.0012481
3.5 -0.655355 0.00124229
3.625 -0.628125 0.00118209
3.75 -0.59923 0.00116566
3.875 -0.576008 0.00117802
