1 -1.99734 0.000207407
1.125 -1.99287 0.000364423
1.25 -1.98409 0.000611645
1.375 -1.97186 0.000657513
1.5 -1.95062 0.000933027
1.625 -1.91999 0.0012528
1.75 -1.88023 0.00158387
1.875 -1.81952 0.00220704
2 -1.73427 0.00291596
2.125 -1.61715 0.00386801
2.25 -1.44396 0.00459758
2.375 -1.24133 0.00435275
2.5 -1.10225 0.00345527
2.625 -0.998539 0.00318734
2.75 -0.927094 0.00295903
2.875 -0.86432 0.00274977
3 -0.808047 0.00255804
3.125 -0.763305 0.00254314
3.25 -0.721805 0.00249307
3.375 -0.686273 0.00242693
3.5 -0.652953 0.00254109
3.625 -0.626633 0.00240264
3.75 -0.59725 0.00237799
3.875 -0.574094 0.00233579
