1 0.951246 0.00851684
1.125 0.998188 4.75512e-05
1.25 0.996065 7.52227e-05
1.375 0.992557 0.000103452
1.5 0.986477 0.000158888
1.625 0.977895 0.000191483
1.75 0.96342 0.00054168
1.875 0.941507 0.00111798
2 0.891487 0.00481387
2.125 0.828007 0.00463355
2.25 0.605262 0.00881077
2.375 0.203928 0.0059952
2.5 0.111474 0.0035978
2.625 0.0809756 0.00283046
2.75 0.0618486 0.00193489
2.875 0.0520576 0.00180229
3 0.0451865 0.00147118
3.125 0.0420156 0.0012876
3.25 0.0378184 0.00132008
3.375 0.033207 0.0011754
3.5 0.0325186 0.00110732
3.625 0.0296562 0.000984665
3.75 0.0296133 0.00102339
3.875 0.0282549 0.000932979
