1 0.999336 5.18517e-05
1.125 0.998148 9.74723e-05
1.25 0.994762 0.00117474
1.375 0.992395 0.000191022
1.5 0.986238 0.000294396
1.625 0.976906 0.000419781
1.75 0.963977 0.000647371
1.875 0.939102 0.00168218
2 0.895281 0.00386634
2.125 0.819074 0.00589788
2.25 0.640449 0.00953407
2.375 0.373316 0.00919993
2.5 0.210059 0.00658102
2.625 0.152219 0.00487558
2.75 0.125055 0.00404883
2.875 0.102699 0.00335581
3 0.0909609 0.00304537
3.125 0.0824141 0.00261806
3.25 0.0774102 0.00255182
3.375 0.0702383 0.00233262
3.5 0.0626758 0.00206845
3.625 0.0646016 0.00225823
3.75 0.0595625 0.00193539
3.875 0.0553242 0.00184908
