1 0.998219 0.00121995
1.125 0.998297 0.000157214
1.25 0.995969 0.00026831
1.375 0.992531 0.000404151
1.5 0.986703 0.000575076
1.625 0.976656 0.000819669
1.75 0.963875 0.00113551
1.875 0.939922 0.00220157
2 0.897828 0.00417114
2.125 0.822281 0.00703084
2.25 0.705297 0.00948663
2.375 0.530953 0.0107672
2.5 0.384172 0.0100789
2.625 0.3035 0.00899884
2.75 0.235187 0.00734791
2.875 0.205047 0.00647261
3 0.177875 0.00594295
3.125 0.163125 0.00519908
3.25 0.146594 0.00492473
3.375 0.133141 0.00430066
3.5 0.125969 0.00426664
3.625 0.121047 0.00412379
3.75 0.112937 0.00380455
3.875 0.117141 0.00368316
